                 sim	               state	                soln	              dist_x	                time	                step	                  pH	                  pe	           EthylNAPL	            BenzNAPL	              EthylD	               BenzD	
                   1	              i_soln	                   1	                 -99	                 -99	                 -99	  7.089805373740e+00	  4.000000000000e+00	  1.000000000000e+00	  1.000000000000e+00	  1.000000000000e-99	  1.000000000000e-99	
                   1	               react	                   1	                 -99	               12096	                   1	  7.089805373740e+00	  1.158531106941e+01	  9.999134787601e-01	  9.987023190087e-01	  8.652123985877e-05	  1.297680991616e-03	
                   1	               react	                   1	                 -99	               24192	                   2	  7.089805373740e+00	  1.159168041801e+01	  9.998367656131e-01	  9.975532238346e-01	  1.632343868742e-04	  2.446776165698e-03	
                   1	               react	                   1	                 -99	               36288	                   3	  7.089805373740e+00	  1.159611260978e+01	  9.997687487150e-01	  9.965357019943e-01	  2.312512850277e-04	  3.464298006083e-03	
                   1	               react	                   1	                 -99	               48384	                   4	  7.089805373740e+00	  1.160037094458e+01	  9.997084422649e-01	  9.956346886992e-01	  2.915577351116e-04	  4.365311301194e-03	
                   1	               react	                   1	                 -99	               60480	                   5	  7.089805373740e+00	  1.160446854861e+01	  9.996549722148e-01	  9.948368439082e-01	  3.450277852147e-04	  5.163156092184e-03	
                   1	               react	                   1	                 -99	               72576	                   6	  7.089805373740e+00	  1.160841711538e+01	  9.996075635995e-01	  9.941303548919e-01	  3.924364005348e-04	  5.869645108433e-03	
                   1	               react	                   1	                 -99	               84672	                   7	  7.089805373740e+00	  1.161222710701e+01	  9.995655293036e-01	  9.935047613920e-01	  4.344706964300e-04	  6.495238608363e-03	
                   1	               react	                   1	                 -99	               96768	                   8	  7.089805373740e+00	  1.161590792120e+01	  9.995282601023e-01	  9.929508007904e-01	  4.717398977158e-04	  7.049199209983e-03	
                   1	               react	                   1	                 -99	              108864	                   9	  7.089805373740e+00	  1.161946803092e+01	  9.994952158313e-01	  9.924602710001e-01	  5.047841687072e-04	  7.539729000282e-03	
                   1	               react	                   1	                 -99	              120960	                  10	  7.089805373740e+00	  1.162291510202e+01	  9.994659175579e-01	  9.920259090496e-01	  5.340824420880e-04	  7.974090950793e-03	
                   1	               react	                   1	                 -99	              133056	                  11	  7.089805373740e+00	  1.162625609240e+01	  9.994399406398e-01	  9.916412835650e-01	  5.600593601834e-04	  8.358716435388e-03	
                   1	               react	                   1	                 -99	              145152	                  12	  7.089805373740e+00	  1.162949733668e+01	  9.994169085707e-01	  9.913006995602e-01	  5.830914292678e-04	  8.699300440169e-03	
                   1	               react	                   1	                 -99	              157248	                  13	  7.089805373740e+00	  1.163264461850e+01	  9.993964875238e-01	  9.909991141261e-01	  6.035124761700e-04	  9.000885874262e-03	
                   1	               react	                   1	                 -99	              169344	                  14	  7.089805373740e+00	  1.163570323259e+01	  9.993783815137e-01	  9.907320617716e-01	  6.216184862844e-04	  9.267938228786e-03	
                   1	               react	                   1	                 -99	              181440	                  15	  7.089805373740e+00	  1.163867803841e+01	  9.993623281069e-01	  9.904955883117e-01	  6.376718931294e-04	  9.504411688687e-03	
                   1	               react	                   1	                 -99	              193536	                  16	  7.089805373740e+00	  1.164157350654e+01	  9.993480946184e-01	  9.902861923246e-01	  6.519053816371e-04	  9.713807675747e-03	
                   1	               react	                   1	                 -99	              205632	                  17	  7.089805373740e+00	  1.164439375913e+01	  9.993354747397e-01	  9.901007733113e-01	  6.645252603051e-04	  9.899226689131e-03	
                   1	               react	                   1	                 -99	              217728	                  18	  7.089805373740e+00	  1.164714260520e+01	  9.993242855489e-01	  9.899365857897e-01	  6.757144510892e-04	  1.006341421071e-02	
                   1	               react	                   1	                 -99	              229824	                  19	  7.089805373740e+00	  1.164982357154e+01	  9.993143648596e-01	  9.897911986458e-01	  6.856351403746e-04	  1.020880135458e-02	
                   1	               react	                   1	                 -99	              241920	                  20	  7.089805373740e+00	  1.165243992995e+01	  9.993055688706e-01	  9.896624591379e-01	  6.944311294440e-04	  1.033754086248e-02	
                   1	               react	                   1	                 -99	              254016	                  21	  7.089805373740e+00	  1.165499472124e+01	  9.992977700815e-01	  9.895484610225e-01	  7.022299185120e-04	  1.045153897788e-02	
                   1	               react	                   1	                 -99	              266112	                  22	  7.089805373740e+00	  1.165749077646e+01	  9.992908554455e-01	  9.894475163298e-01	  7.091445545253e-04	  1.055248367058e-02	
                   1	               react	                   1	                 -99	              278208	                  23	  7.089805373740e+00	  1.165993073578e+01	  9.992847247305e-01	  9.893581303707e-01	  7.152752695103e-04	  1.064186962970e-02	
                   1	               react	                   1	                 -99	              290304	                  24	  7.089805373740e+00	  1.166231706525e+01	  9.992792890668e-01	  9.892789796055e-01	  7.207109332084e-04	  1.072102039491e-02	
                   1	               react	                   1	                 -99	              302400	                  25	  7.089805373740e+00	  1.166465207180e+01	  9.992744696590e-01	  9.892088920467e-01	  7.255303410524e-04	  1.079110795371e-02	
                   1	               react	                   1	                 -99	              314496	                  26	  7.089805373740e+00	  1.166693791666e+01	  9.992701966439e-01	  9.891468299056e-01	  7.298033561471e-04	  1.085317009478e-02	
                   1	               react	                   1	                 -99	              326592	                  27	  7.089805373740e+00	  1.166917662732e+01	  9.992664080782e-01	  9.890918742261e-01	  7.335919218039e-04	  1.090812577430e-02	
                   1	               react	                   1	                 -99	              338688	                  28	  7.089805373740e+00	  1.167137010841e+01	  9.992630490407e-01	  9.890432112775e-01	  7.369509593017e-04	  1.095678872287e-02	
                   1	               react	                   1	                 -99	              350784	                  29	  7.089805373740e+00	  1.167352015135e+01	  9.992600708361e-01	  9.890001205061e-01	  7.399291638850e-04	  1.099987949433e-02	
                   1	               react	                   1	                 -99	              362880	                  30	  7.089805373740e+00	  1.167562844323e+01	  9.992574302895e-01	  9.889619638654e-01	  7.425697105321e-04	  1.103803613499e-02	
                   1	               react	                   1	                 -99	              374976	                  31	  7.089805373740e+00	  1.167769657471e+01	  9.992550891203e-01	  9.889281763692e-01	  7.449108797236e-04	  1.107182363116e-02	
                   1	               react	                   1	                 -99	              387072	                  32	  7.089805373740e+00	  1.167972604726e+01	  9.992530133877e-01	  9.888982577254e-01	  7.469866122762e-04	  1.110174227495e-02	
                   1	               react	                   1	                 -99	              399168	                  33	  7.089805373740e+00	  1.168171827968e+01	  9.992511729987e-01	  9.888717649283e-01	  7.488270012853e-04	  1.112823507210e-02	
                   1	               react	                   1	                 -99	              411264	                  34	  7.089805373740e+00	  1.168367461550e+01	  9.992495412717e-01	  9.888483056988e-01	  7.504587283049e-04	  1.115169430160e-02	
                   1	               react	                   1	                 -99	              423360	                  35	  7.089805373740e+00	  1.168559632256e+01	  9.992480945499e-01	  9.888275326763e-01	  7.519054500751e-04	  1.117246732414e-02	
                   1	               react	                   1	                 -99	              435456	                  36	  7.089805373740e+00	  1.168748460694e+01	  9.992468118586e-01	  9.888091382748e-01	  7.531881414281e-04	  1.119086172561e-02	
                   1	               react	                   1	                 -99	              447552	                  37	  7.089805373740e+00	  1.168934061137e+01	  9.992456746007e-01	  9.887928501289e-01	  7.543253993109e-04	  1.120714987151e-02	
                   1	               react	                   1	                 -99	              459648	                  38	  7.089805373740e+00	  1.169116542097e+01	  9.992446662877e-01	  9.887784270606e-01	  7.553337123496e-04	  1.122157293988e-02	
                   1	               react	                   1	                 -99	              471744	                  39	  7.089805373740e+00	  1.169296006706e+01	  9.992437723002e-01	  9.887656555080e-01	  7.562276998554e-04	  1.123434449245e-02	
                   1	               react	                   1	                 -99	              483840	                  40	  7.089805373740e+00	  1.169472553063e+01	  9.992429796763e-01	  9.887543463636e-01	  7.570203237387e-04	  1.124565363690e-02	
                   1	               react	                   1	                 -99	              495936	                  41	  7.089805373740e+00	  1.169646274555e+01	  9.992422769236e-01	  9.887443321735e-01	  7.577230763994e-04	  1.125566782699e-02	
                   1	               react	                   1	                 -99	              508032	                  42	  7.089805373740e+00	  1.169817260163e+01	  9.992416538527e-01	  9.887354646584e-01	  7.583461473196e-04	  1.126453534202e-02	
                   1	               react	                   1	                 -99	              520128	                  43	  7.089805373740e+00	  1.169985594724e+01	  9.992411014292e-01	  9.887276125180e-01	  7.588985707701e-04	  1.127238748249e-02	
                   1	               react	                   1	                 -99	              532224	                  44	  7.089805373740e+00	  1.170151359191e+01	  9.992406116432e-01	  9.887206594862e-01	  7.593883567738e-04	  1.127934051421e-02	
                   1	               react	                   1	                 -99	              544320	                  45	  7.089805373740e+00	  1.170314630865e+01	  9.992401773928e-01	  9.887145026105e-01	  7.598226072219e-04	  1.128549738992e-02	
                   1	               react	                   1	                 -99	              556416	                  46	  7.089805373740e+00	  1.170475483611e+01	  9.992397923812e-01	  9.887090507268e-01	  7.602076188281e-04	  1.129094927367e-02	
                   1	               react	                   1	                 -99	              568512	                  47	  7.089805373740e+00	  1.170633988058e+01	  9.992394510256e-01	  9.887042231098e-01	  7.605489744105e-04	  1.129577689071e-02	
                   1	               react	                   1	                 -99	              580608	                  48	  7.089805373740e+00	  1.170790211786e+01	  9.992391483762e-01	  9.886999482777e-01	  7.608516238262e-04	  1.130005172281e-02	
                   1	               react	                   1	                 -99	              592704	                  49	  7.089805373740e+00	  1.170944219500e+01	  9.992388800443e-01	  9.886961629338e-01	  7.611199557305e-04	  1.130383706667e-02	
                   1	               react	                   1	                 -99	              604800	                  50	  7.089805373740e+00	  1.171096073189e+01	  9.992386421388e-01	  9.886928110293e-01	  7.613578612015e-04	  1.130718897119e-02	
